920
8696 20
38304 78115 35619 3876 44776 94634 2284 82092 45104 82577 66416 89554 5076 24855 42488 86267 17085 65791 87902 77630
8384 20
67329 24067 37923 69826 79781 84933 54344 76168 89482 15212 71023 90223 45614 81966 27699 84313 34713 4986 67804 29310
2297 17
32352 48161 20451 19238 74118 54343 5511 42504 67018 70960 72402 26037 34902 98491 44219 6718 61759
2610 20
25060 1382 65479 74761 71113 77032 52297 48745 48043 7820 53356 4174 66708 61304 49113 89240 10458 39325 30494 11071
8530 20
2304 16064 5892 27044 87719 42760 98024 99723 53582 11503 59089 96213 32631 19448 22968 26138 20859 82458 81373 88957
8738 17
2052 33701 485 34438 20614 88550 36519 42857 69069 41936 89237 10840 1081 92795 68221 46844 47390
6897 19
87937 71074 6564 54084 28038 10856 83304 56907 95402 14860 14925 73295 37550 75602 54263 48793 3932 16476 43423
1864 14
78112 18625 34568 80808 35086 54703 46864 43957 94551 33943 52248 22717 96511 30623
8728 19
71936 50050 35203 74978 18116 81479 15654 74374 35881 72584 73194 33260 47730 32405 10134 87702 65433 69082 56671
53 11
67042 1061 42293 60488 45897 70968 61098 56156 2478 27198 19871
8691 20
55714 18437 50247 33992 46058 15371 55052 78477 35565 80049 11153 1012 85175 15480 20152 87419 78715 29434 59290 48126
9829 18
51779 11205 88487 86822 20136 56041 32779 83501 77453 70861 1070 21391 47315 3990 97558 64120 75869 67231
4193 12
51587 34675 24403 16068 8596 49397 58278 82470 52011 97482 29869 99564
2359 15
60259 12451 9508 20678 30503 52615 63497 19053 78319 55889 14067 85810 28632 83803 98686
8149 10
46288 39297 11281 87508 59349 88199 42728 71560 16863 79950
1760 10
40929 82880 49620 46805 22422 58487 28953 39132 5901 14830
627 20
6016 60226 60962 47618 17668 39432 41993 20137 52170 74570 92874 76493 18989 38799 49106 61874 94802 13907 46427 75802
5134 15
41345 77120 41570 97031 6727 98153 93992 62796 97582 79664 10421 91032 73307 68890 78271
9092 14
14305 39395 61446 33002 14736 70866 56179 59636 52279 83350 4727 27133 43902 50047
111 14
20320 45472 55457 79430 38153 70445 78382 40466 61427 15253 1559 8792 1692 97759
6871 20
13601 39044 40071 16615 87851 59306 47629 21581 59246 67662 74736 42836 36149 74615 599 12282 31515 66013 75548 80127
5771 19
75809 54432 33122 33987 86501 28069 93188 66534 99914 49265 24242 59863 93974 61655 1209 72219 79899 64988 3612
6644 20
10816 34688 62465 5281 47332 89990 34217 67532 43182 79918 87633 73905 91504 32722 2164 60249 39066 35676 52990 59710
2006 13
96323 94498 36998 42790 75657 16873 96719 42447 79411 27157 20664 3964 88446
2882 12
6626 34082 130 83698 16292 65860 78934 7897 54090 48828 24478 34255
8181 19
29408 34337 74272 76450 23141 52171 59532 40430 45999 80560 37489 82963 56979 56597 83126 15098 7259 39996 49564
7791 18
87331 75810 35109 23942 49959 81321 27113 48237 26638 84014 41427 81874 54133 87958 91641 32187 93181 83007
661 20
50977 15297 31489 66405 15973 49350 77606 48941 86001 87312 32402 55860 25973 5110 83190 44823 41272 9112 46618 26557
122 10
37843 78834 70053 47800 12344 13385 98090 89613 22078 55902
7984 19
44930 96995 91557 40900 6981 98660 97991 56008 7690 27980 38861 57104 59248 78896 88120 83098 60574 57279 55615
8758 16
17985 57507 18403 5445 60299 36492 95727 45583 74958 51760 66675 68057 88026 49244 13373 24925
6754 12
60674 54195 57188 9716 47046 69574 38055 6136 48874 73946 64971 16462
5804 17
68128 90819 99751 8102 8105 22763 41712 62289 91571 4467 94485 51893 62136 48473 34521 30618 5917
7358 19
8226 65508 36550 81543 81897 46729 34122 88944 65619 67570 63957 59605 30585 45114 47834 46203 41726 34271 51487
5020 12
34753 70976 56306 84053 23908 61717 11335 28296 97385 72364 24078 71679
7305 11
80227 23444 89141 17735 16103 31000 27769 569 41276 95997 71052
416 17
84065 34561 1508 96196 80870 97542 10280 58698 27052 82929 71411 57140 61397 78548 85782 19674 348
9855 20
60258 84226 79077 24583 64392 18568 56073 34698 31629 89198 94033 69233 2999 51479 83257 74200 55738 45533 14014 21342
5339 19
97317 57668 68007 82022 21895 74857 56296 8649 72427 93773 61805 57166 58639 42866 63380 40789 12125 11166 58878
1549 11
39536 25013 47431 52007 78457 36648 92602 98461 5245 61854 52239
1653 18
93600 23427 94978 38343 13447 37098 57035 96842 91818 98634 28621 94606 85842 28629 29400 32573 28095 53375
3679 17
77953 15648 23169 33897 64846 43919 54193 20209 30290 49586 32628 39446 53944 91484 73820 73279 8895
1349 19
17539 8164 22375 56202 28366 75694 86640 94002 75381 50069 63894 11511 32056 19353 45850 82237 44508 42110 74174
1283 18
29280 61184 78912 50561 43971 65797 38825 30634 89194 18667 96458 34956 21454 87663 45905 18163 99157 9751
6063 20
85987 48962 9218 50947 5828 91877 67622 28199 67848 41516 96428 79788 54575 95598 9552 51504 1266 66962 78200 36058
1448 14
14370 45379 97191 45990 61385 52876 95566 46160 53233 89811 88725 92889 88507 91418
479 12
31568 77731 13011 95650 15780 95716 98692 90023 9176 15992 65438 4191
4138 19
45568 17444 59332 97831 57000 55497 67693 92204 41421 6958 16048 96595 7028 68663 37046 57207 45495 74424 34073
5023 19
31201 5825 87136 54788 44869 50887 82184 13803 73933 32205 85676 72850 75447 42712 90649 71227 57179 8667 66078
2415 15
80257 27490 83554 74055 17257 17962 45738 4557 94287 86608 42484 46548 95638 36089 53402
1737 18
75169 10209 28258 75599 7055 38352 75184 18610 63090 35667 41108 74518 24216 1912 39513 7610 11483 96574
5263 17
83457 64389 805 34601 21385 73291 35600 63602 32725 27573 38744 36344 15260 90365 41725 37405 78398
6338 18
28228 85867 14542 45550 99700 97460 87956 50679 60792 73241 3993 87196 90076 24605 12190 95615 84191 68607
6636 15
95361 60066 71874 47875 997 97223 34089 54092 5454 75695 47982 32592 42641 1816 88953
6202 14
3489 18657 92835 81666 26051 35878 88430 47571 70036 69527 32439 37978 87037 73534
6979 19
3425 41474 93347 57859 41412 40294 18600 15498 89839 32591 71246 43631 76206 30325 25493 71799 22906 21211 8991
399 12
86560 92949 44405 5704 55849 72616 83483 36203 5660 59660 16700 58319
9566 10
60741 44518 3302 76358 57624 65721 48216 85657 41865 52477
2737 19
3905 80130 77444 78758 40330 89450 46156 25708 13839 87118 1780 33748 78710 43703 31512 9560 64827 35484 3325
8050 17
63265 78373 18693 3975 36105 37194 88971 42059 813 68239 24179 63540 12728 70363 93694 39647 50751
2394 19
73569 36193 9796 6758 94214 12871 1998 34607 96142 25967 29201 95029 36757 63799 47576 83514 40639 43263 20575
1348 17
90465 81953 41574 13098 19371 65834 53262 73329 27379 58518 10838 9142 55706 56091 39422 90943 6111
752 17
55619 30917 12133 81483 18064 26416 93744 31700 61302 70551 39254 43031 72792 91548 28446 16350 94303
7021 16
65056 71524 69638 39880 86633 66024 84776 34954 78444 93967 71094 58903 15673 14586 8126 19902
2863 9
19056 30562 11046 855 72313 58684 99870 70638 51663
4112 17
35584 20577 95395 88453 8516 46917 13957 8967 67144 30218 72854 65305 68058 572 49884 27645 7423
1559 13
48838 51878 13735 52328 21448 44809 83093 57844 49428 32310 94008 90715 91615
4439 18
54368 39744 6785 42593 30114 24579 65954 72389 11204 99588 40174 13903 91600 10386 9881 75771 20796 75100
7368 10
15296 18208 11093 14375 67270 91433 56298 83691 40763 10925
1356 19
74656 73445 89796 61543 49706 7850 15920 83283 74453 63860 1718 13975 98328 77787 70779 57786 40507 52190 66975
4924 18
33792 6532 87012 44645 99110 13354 66797 48782 66609 59889 44115 93078 56151 71417 92541 66749 59614 21951
8283 17
81890 93762 69572 21288 52552 34666 91275 778 75951 29584 84177 77395 94482 75797 96375 93624 13885
3546 10
55536 92353 46114 46370 83879 46983 76616 55898 29226 84271
6997 16
87233 98688 40161 15745 19589 66150 17992 78792 89931 15852 72751 5905 87668 789 29304 28159
3124 14
79809 99456 24803 31431 11593 57835 99244 4303 42065 89360 7441 1683 88888 45851
6772 13
68161 75938 88834 90050 86445 23500 62509 19919 24112 95671 45113 95512 46842
9918 10
49584 31825 47523 14457 27484 83949 79933 71772 61821 63551
1296 11
88752 80466 84642 88340 19174 95303 95991 45191 28937 26826 9005
8795 18
75616 7588 35653 33606 47816 81608 72714 34827 11887 89427 19282 20115 24629 36151 51607 30617 31898 7515
2044 20
34336 39554 64546 90947 73699 69029 59429 29958 92294 63723 89068 2766 63471 79761 71861 25945 69976 27066 7230 84863
6313 12
43265 93797 11942 71033 78987 31659 67578 55835 87162 82829 28797 40845
6953 16
29728 13413 46501 44169 52169 4460 6931 46259 54548 40597 84887 2391 71259 66523 67642 45821
5853 17
86337 7334 46472 74376 40237 71022 98161 26098 78738 15189 95766 52055 51319 74745 35992 45690 69503
115 10
15264 99249 55235 5443 60419 58775 50746 44635 76397 96238
2919 18
832 22402 36354 35907 43173 92778 45296 22673 43217 2194 81202 86866 66105 37464 36953 54171 41339 26334
2143 12
98833 21511 86761 17145 18889 79592 87144 28330 34395 67372 21501 15678
906 11
24241 2770 36627 44052 11604 60103 51287 46263 75208 73612 87150
8505 19
40259 86182 35399 62215 75626 99498 51950 64527 4848 68816 44883 68405 10869 91543 63958 82264 70781 80284 53693
9316 16
78016 70147 19434 83085 33100 42636 85069 99852 47309 75727 5807 47249 37623 43322 82906 23358
220 18
69313 17440 48577 18369 19587 15813 80199 53737 90127 51537 79410 37332 27476 42679 16920 92984 58268 33342
462 16
96865 88288 12322 45164 65678 76817 73681 31505 36722 29109 72407 11995 82077 92412 36094 84319
1427 11
87619 16915 36020 56741 86916 7576 82504 98986 8827 40047 75006
7104 18
14464 13281 72320 54403 80549 87687 11303 2984 50761 86511 6640 31313 52594 92978 61556 88759 71194 26014
5851 20
12513 23556 87530 17291 30381 3982 95728 35601 50129 56563 21555 85653 16980 21719 21720 3163 99002 79965 8445 45502
4717 19
49956 65413 81351 12998 51880 56201 61195 26828 43891 67252 29078 79767 3319 36568 68665 86264 61563 2654 28190
7308 16
40867 75913 31752 54440 29482 48460 10896 67249 21713 56598 78871 24598 38808 11678 97823 24479
6253 18
43682 51490 56995 98882 25956 10342 77863 51496 71436 83025 9713 98355 96307 43797 51545 34810 66108 1822
5912 16
58401 13665 55233 56772 15943 36075 96622 63121 4145 88435 99381 35156 14229 77245 17694 7871
2097 16
56512 84576 99396 71974 72902 70408 55915 30639 35119 19472 95184 36914 59220 58614 13950 4479
7175 12
28784 14897 4082 96386 23413 28230 39305 68888 55577 66907 17709 75263
3216 11
14944 81216 66583 74598 72361 79179 70762 21563 9436 74588 20333
4637 19
16353 58115 72198 59528 28299 89102 67409 96659 78679 36055 46712 63609 20123 50684 54237 26142 95262 48895 89342
9218 11
68963 35538 71906 50339 23172 41448 24201 89612 8590 70639 27311
1351 11
36129 47154 28930 19843 59813 89302 36187 91501 21165 2942 31055
8109 12
23360 34450 52339 31540 36052 75268 66840 42969 59017 10811 42782 5407
5569 12
42224 64850 3796 49204 1429 34230 59384 62797 9565 17805 84254 83966
2541 18
79040 43459 12038 19302 41831 73929 98796 29965 5197 96147 57554 14967 23352 12444 25662 32094 54239 59039
7956 16
23650 99270 59305 8361 19498 11082 34990 83790 25103 89710 39793 76310 43098 86621 2365 91358
6760 18
85057 55649 55458 65570 77028 1126 39307 84077 62767 76560 10514 44692 52244 950 92406 98616 18940 58782
9100 15
14179 58793 26345 53450 79050 11852 67500 24333 1905 6610 41747 72373 40503 28665 48829
8981 10
89217 68881 15079 52999 53912 92873 87611 73258 36381 11981
9027 13
672 87363 16771 7881 7339 65839 80014 65327 58873 57018 66363 32154 33279
9948 13
44866 15301 90758 60007 4624 83858 55894 24599 10231 7578 78907 23869 74943
1195 13
34 79555 60713 61163 16525 81708 58034 9331 14934 99673 65784 67451 12925
8449 14
63841 8130 20646 1067 88496 45138 28274 80146 150 6551 79160 39740 18333 14558
7407 17
5091 56070 90246 75113 99915 19051 84012 65910 58136 64217 46170 88573 18397 72956 71967 17054 41471
3548 11
7620 69461 72581 85798 49240 40089 15037 98495 18494 62046 43615
917 10
29121 38274 44084 33126 85545 3449 60729 97211 99771 59516
6115 19
68866 30659 63877 15175 37543 1292 7852 63246 31377 28690 8724 74708 87223 20120 77082 83165 46716 25374 61183
561 17
97761 53763 62468 85188 72772 8806 51720 97800 58923 25871 81332 74585 99897 95256 96955 51002 8987
3993 15
43520 56292 63237 57768 47019 80554 89549 21837 22861 60365 50285 90129 58199 4313 92861
7010 13
50049 76992 84419 33506 36326 32844 88013 3374 73618 9494 76342 7866 6527
2901 19
20707 19814 32616 12040 32970 13741 16397 21422 94766 55760 34002 6452 85111 58807 71126 67673 55482 25691 88634
29 18
68449 12708 97733 66311 77350 80009 50056 69361 23600 33042 68691 77682 80532 93750 33336 55674 99675 69534
1668 19
45921 55783 40392 71723 54122 21420 97548 44718 36335 88494 9362 58743 67446 46296 17657 80410 77181 24030 77215
1476 17
71712 36162 97603 57158 81097 1961 86219 67690 47921 72019 97715 67602 62389 80283 19419 75901 96318
4386 20
1441 41057 70149 55589 25605 2757 51559 58984 41768 8144 20278 51286 55159 76411 27770 81146 63486 50686 74910 53983
5857 16
85184 76320 86694 6504 40680 32808 65193 72811 25390 99699 58643 7444 67607 44471 94779 22716
7285 12
89313 11089 40018 26738 69891 24772 81492 63576 65547 73564 5389 83724
8260 13
2337 8391 63560 59725 83122 81941 75316 92119 43255 87805 47005 35133 3518
5390 20
76674 80485 37734 41223 98409 83944 96555 41258 46059 61675 6763 75021 9937 91957 65140 32506 41659 1629 26973 5053
7038 15
80352 19777 70019 87874 11272 34793 16268 45102 74706 22970 61179 64379 3068 43484 99644
9294 19
42080 68640 7009 54341 72711 37479 747 57516 16973 23597 57295 33522 97076 37909 48181 42870 96726 89243 87581
2977 13
12353 51874 22277 2309 55942 3911 1255 59016 93384 5806 17198 15505 26975
5555 16
15588 21604 5128 40617 43114 72557 53231 41617 43089 88406 44824 77368 52666 26780 3773 48511
4330 11
52496 72368 60050 2290 87042 96715 71274 80442 97836 96206 6287
3277 18
32672 67204 23432 30216 18984 96648 60395 18635 94314 4816 68496 19826 39314 39191 13431 29145 15674 39549
2786 14
53376 88803 72419 55427 38790 99560 15562 27246 7537 34993 25368 29626 10714 37310
2017 17
94563 74179 75426 14595 97604 76967 62087 67785 57327 17264 20243 59125 5622 29367 8443 3036 23740
6960 14
50433 19748 14405 67911 6247 69862 99689 36781 61486 71899 54459 72698 10844 82588
4535 18
77091 28322 25667 17603 30949 23752 96236 60973 4879 57008 28816 69520 81877 58582 59703 66425 36600 7516
350 11
16689 77936 39345 4757 2565 43238 34408 10810 28363 8204 55647
5789 17
16737 97026 54566 87405 78124 30447 15119 62416 69491 50132 34964 13429 5401 61402 347 31614 89758
7293 15
49312 14667 70986 14763 39981 36429 44087 3704 13465 49885 78972 73884 12574 57054 51647
4284 18
55489 79590 72299 40266 33387 91306 79501 4492 39219 99442 95026 37144 74488 76024 20698 84059 94524 23103
6229 10
17584 10817 75827 61540 28422 24198 81657 8106 76302 14751
3483 19
18848 82304 69536 11010 90279 51336 1098 909 87119 87024 42098 30642 37523 94901 94004 38455 88637 72828 91934
5002 11
18834 10707 74901 4951 79017 62072 62394 56284 31469 79583 26815
5345 19
90912 24450 11138 94530 32964 95436 56301 31374 98257 15602 30131 62392 17624 36536 860 72349 89116 97852 13629
820 18
20672 9376 8452 26664 30251 86250 83119 17999 81969 97361 82097 60338 44370 54419 27479 52153 44633 66360
9486 17
25217 88324 85828 77993 96171 88042 144 81616 3667 29781 42294 1142 47863 50136 29916 13021 25214
7555 11
31057 80645 98853 62262 49271 59433 9913 93960 33388 34991 28735
9061 10
97493 34454 36314 42091 47228 40717 6237 97758 6623 14719
6915 11
65488 39955 94434 71522 36036 42644 29988 5398 74797 85197 85422
2504 15
449 33155 24035 95592 22770 86931 370 67989 48916 7223 53082 83227 56410 70525 34013
8056 13
31110 87430 28167 17128 3561 24457 19817 45770 35890 63827 34361 96476 75487
5810 13
78145 63360 21603 92677 74309 74884 28584 81225 51085 61998 86804 7993 78493
2075 18
18433 99139 70852 68423 39879 39111 1448 18122 24782 49072 41424 86288 92693 38228 84055 69430 50393 4859
9647 19
20992 24037 47109 93830 14951 36874 25354 25514 3723 6639 29392 69201 15121 36307 46419 77077 95318 22523 35547
6235 20
74048 85956 98310 27975 43368 16201 14188 2510 78483 54675 89751 23126 20599 51514 89434 44347 33564 21213 10813 67868
4556 18
37414 33926 57800 43049 54089 45034 15115 972 76785 56560 74165 64985 87866 64604 32157 91644 40510 36222
1659 14
17025 55938 6279 75181 43695 35568 53843 60276 56181 66551 42808 76475 19804 50300
7438 20
50115 68645 60101 51686 35463 82920 92491 85581 76815 29776 39760 1137 42865 59314 74677 7093 89848 43162 50938 86426
6054 9
69265 4114 52082 61539 15284 19734 63110 4824 58795
2590 20
45635 34053 54953 70859 24522 58315 48875 66541 29997 45069 97615 5742 43951 42927 59603 90452 83513 37688 78111 81087
1307 18
75297 77218 76167 23465 30185 54991 40496 60016 48817 37105 24787 52535 86902 1529 33850 72959 82495 46815
8178 10
40436 40020 53621 50677 9401 81080 45833 4923 96730 50605
8677 19
65537 61954 95939 27075 57476 86212 5765 11813 98603 87787 69066 84362 36527 59762 63444 54100 55736 70719 75934
6386 10
9874 71764 11094 59511 17594 2109 49757 22813 19711 67054
9460 13
22338 2404 27752 72555 87693 87181 19632 94677 60724 66906 10043 3868 43007
8931 20
51296 99045 95780 46470 85129 68618 56908 78860 9389 30542 48430 44975 73422 19568 5681 79669 14462 14270 73278 64479
3720 15
19264 31747 47043 85826 63846 60814 84943 32015 35343 94835 39381 46806 73304 41114 11291
5604 20
83808 95456 98019 89538 88745 63689 26512 42354 19539 9206 98615 9978 83291 74267 75707 26363 60539 3229 21085 63423
5510 14
67104 66083 63147 69642 80974 45455 49426 61620 23029 64469 15448 35068 77436 78494
2137 19
93795 46404 23621 26245 56775 75016 70379 23019 14704 70737 75376 88626 56949 64790 36726 44632 4572 24477 37854
3868 16
88866 15235 77797 14853 36551 35657 20585 48204 79373 78867 93556 71860 8246 15483 38492 45565
4506 14
32001 93152 63107 88297 68459 98349 46480 7121 9268 38358 5368 69560 39993 48250
6916 12
11809 1234 99970 69602 50484 41285 30454 52775 28824 73880 70456 72127
6977 17
75975 99975 16614 32393 71114 17293 70124 34286 70449 66128 97203 26326 1942 32183 48057 50143 99006
8518 11
97315 56852 36836 48724 11461 22438 38231 92374 85977 41806 1534
4631 19
43970 56132 9577 85608 489 80045 66446 49649 40434 6866 98260 80023 74390 80217 52408 12505 15196 63708 49982
7645 15
11713 54916 98631 80297 16202 51951 28757 10327 74489 49720 5565 7549 33181 91775 38206
6779 18
23458 17379 47812 47364 24773 26920 55496 32041 2282 64426 81514 97360 28854 96152 80698 64219 41851 42236
2510 12
58544 51299 39652 68356 19813 94567 20151 88952 58393 410 70989 90510
9847 20
53569 76930 81346 49572 86436 40102 34886 42249 83562 31148 67470 25360 37905 85170 11764 98774 83320 90236 96190 51583
7995 16
30852 55364 78404 25285 19974 76518 5768 64041 38128 95027 96627 7514 72285 74621 28990 47295
4614 13
11040 90052 80231 96201 89416 6797 76366 59414 38614 92694 4248 32798 44479
156 11
54977 73296 1251 46885 20438 42859 47307 36043 13469 15885 65197
5551 20
2528 46752 53504 2017 42531 30948 12935 16393 40140 29773 49872 25876 2612 96884 61909 35382 42489 99068 82686 69726
7259 16
14752 44513 40291 28997 70983 32807 65832 25195 28395 72463 40686 28376 5724 76989 76191 14943
2440 12
48961 273 17250 38466 95859 36019 95621 32503 52280 44569 29022 51054
7096 13
14081 74848 56709 3912 11788 51471 74167 98137 59961 21657 37822 7263 70558
2250 14
52198 19243 68845 84817 70257 87671 95542 38008 10297 3417 3737 14779 54812 46943
8314 12
15104 56962 8642 41045 26183 3608 49592 68776 41770 13404 2974 63791
2276 15
49600 59168 75298 28198 80809 39529 83080 50057 40974 88880 16594 43859 22235 60061 53887
4457 15
52833 72866 29127 72070 74825 89928 43625 10762 13166 90672 48851 39188 89588 87383 29944
9095 14
92928 3621 14246 17192 18313 20395 49484 72812 37934 75822 86290 93109 86613 12473
2848 14
65442 33192 74347 77165 83820 69102 58578 98293 28308 43702 28054 31963 94845 50366
180 19
53633 35394 31588 79716 52970 3243 87213 98128 54866 72660 56086 97815 65750 57753 71005 84541 862 20863 75870
2651 16
87520 33345 98402 66504 7277 303 34930 6709 84919 90615 87639 51735 35995 15485 69343 89695
3318 13
86023 45513 22250 58059 43084 94732 61006 80271 76786 32281 69979 15194 1598
1154 19
33249 45281 89411 78403 38244 4517 76263 68390 94666 36558 82830 22384 93107 44725 21593 10939 87964 13341 33886
9108 14
97664 2947 87785 45545 67184 85237 69876 3767 21047 5784 44442 14044 10878 42463
7124 17
66112 72194 54052 78852 15911 11559 47497 15534 63152 76659 50099 80820 84791 33815 84187 95164 43774
5589 14
59009 32515 59911 30920 28172 16716 7436 18607 41680 99825 93461 63705 68026 8447
4252 19
41155 62340 51077 28200 73224 86957 19213 56397 6511 73169 87121 26067 92372 34069 72729 73659 48475 69466 58654
458 16
50016 128 16259 28423 43977 56783 62355 45076 52949 48823 31129 80536 97306 11323 15900 30142
5397 16
25888 5699 77282 53189 54150 15078 73351 3816 94475 46379 53613 27789 53554 98963 71639 78555
526 14
87714 69570 54307 2504 62761 29292 98157 16110 9200 33586 1491 67485 33981 16735
3597 20
30212 43268 76133 10118 95110 90342 73670 37962 59146 43181 40462 44464 15572 11413 55285 84345 26650 90138 12667 82493
733 19
13284 49094 55817 65928 80266 79180 5837 27665 74547 66261 92724 10133 95415 86454 83833 39705 92955 76251 67770
1397 18
56640 11232 18788 45733 50055 66665 1422 13136 36689 95221 62582 17529 14265 92248 80506 29597 83582 73566
4813 19
80961 56513 53605 40613 46409 70504 80938 94508 61968 92336 1619 33141 81110 48889 79227 4381 44893 4925 33887
9564 16
92259 65091 94564 69604 3879 56167 89514 36491 87438 4400 77329 38194 47827 39193 70424 32607
693 15
39490 30884 77061 70660 52967 24973 84908 66704 79029 66038 34392 18233 38587 98204 32671
7445 10
80625 84320 85554 15716 54006 19351 34472 33977 80365 15917
6152 14
3713 71362 16806 5991 23049 33034 71306 94538 6315 75597 14160 24180 28053 6747
3550 14
60417 30761 74796 25997 36462 67059 9428 77749 61815 59389 44797 62814 38174 48062
9686 18
65441 67202 98885 92969 29417 12234 1739 3052 82545 19857 67539 18898 65300 89718 91702 4984 58585 66874
4618 15
44069 99623 73190 56330 62124 49356 95468 12430 39285 97876 78103 63734 18713 5242 86718
7294 17
74403 64804 23108 1412 9222 87816 12787 83381 21556 14773 83796 55349 14520 24763 79261 10973 92094
6079 16
72673 76709 49798 61223 22024 77000 26665 81771 15659 97034 12844 49 16853 80276 10997 51612
9291 19
18754 67203 31620 98661 28135 43178 49163 66701 61965 77294 55315 90997 21108 85620 18872 26874 6043 70367 28222
3586 13
43105 66498 15365 44102 86665 57227 40780 5869 74127 69041 69328 71835 7837
9203 12
24592 27088 83264 8113 87616 71731 81842 91060 8470 67814 6905 38458
8648 15
5890 41666 92903 25704 61228 80463 81295 22446 31855 55376 85459 33752 40446 5663 15391
9751 17
81153 92385 94983 36902 6374 67431 68269 30671 86798 68977 16176 15698 77396 97787 78043 40731 12414
1970 11
71777 60864 17137 22341 49785 80411 92429 30317 13325 60718 35806
72 19
52737 17698 89314 16099 12452 4102 91784 38635 4881 60433 46450 91093 78903 63639 11162 86298 48253 54942 59615
4496 12
2210 86869 54582 92646 94856 93963 95947 51627 53580 15628 65932 61278
165 18
37089 6338 78531 28355 91426 76135 81958 78600 71402 57068 77356 33518 29967 77458 56855 70232 82111 88798
8989 19
50402 9571 7459 38628 81799 36422 36103 67915 90827 6476 4882 77555 88693 51990 85112 71547 82394 43675 79068
5805 13
70432 10948 17515 26733 750 42416 89107 42579 11382 38167 60441 44922 17082
3719 16
80832 23489 89283 47367 98025 37449 74216 38987 81004 97039 7953 41713 26483 90708 34807 94938
8582 14
31680 78272 56004 26310 36362 73331 36499 83989 41460 95124 60342 49047 90971 91550
4194 13
23520 13128 77193 16943 7184 56177 73906 54420 21300 66263 53815 19288 40861
6957 14
94880 32686 23121 69907 35443 16211 51669 93239 41944 8280 89883 4446 72670 97950
4037 15
47427 79528 57868 36940 37484 15345 14868 98773 56820 90516 54646 25943 84441 81436 10238
868 19
55200 44131 48775 38056 4267 50252 42156 19436 26508 52243 24532 17941 98580 89428 4022 71352 50525 20414 47902
2998 16
3616 31009 95424 41318 26729 14986 54540 88364 12141 59790 26160 31381 42006 71448 16572 13822
5966 15
54755 83074 87237 19845 84774 49097 13419 32717 71086 27856 24337 31161 52220 68638 37855
8098 12
52912 6241 32178 83543 20487 78523 35499 86941 98316 48510 45918 7982
8177 19
86465 27778 41349 18057 61129 87722 12332 19949 68303 15824 62193 45970 12082 72882 37076 34772 30779 47292 42461
4395 17
68609 84928 90725 12772 78663 14023 91851 48010 66605 97933 19596 82899 93942 93784 91034 69050 77725
7801 14
34242 64579 8998 5417 9805 74929 46320 64401 53143 52343 42360 67131 92511 66911
1331 14
82656 86946 59974 53581 38127 31281 25333 3541 81015 69818 59676 12924 69820 72124
7658 13
62112 25826 40645 16453 47815 20970 31242 25900 6353 55638 8891 48988 82620
6493 10
82563 75107 92547 88148 17080 80393 24233 56683 95151 18975
3919 11
1184 89941 40245 56056 94347 15819 69802 21917 4461 90734 66590
3552 16
12167 15879 43720 68779 42 31819 58989 85967 46670 39157 53591 64890 69434 89918 4127 77022
5357 15
28226 86499 15395 86311 41159 41964 30926 29070 61616 2897 23666 49688 69433 14299 61566
9096 12
95825 85824 91376 56082 35543 30748 38478 41134 37806 22767 37455 83646
3764 18
84960 4642 33508 6181 56429 85103 69583 69806 86064 6290 89748 60695 26712 76664 75741 71135 51167 95518
6446 19
68545 26401 46530 27618 99013 97353 53448 66792 69387 68205 58291 78839 35735 98393 69144 36923 10142 83774 35871
5426 16
68419 51907 5925 72585 72459 48107 19950 89167 80783 80817 45328 28081 75702 8856 94840 55517
1488 13
1762 80258 33891 22695 5672 97224 32887 37975 39288 94939 24347 14619 94462
5561 18
56036 83556 46088 88233 95691 66602 22956 62957 77839 45745 16694 63862 78902 60024 89336 19769 22333 86943
9081 15
86117 31591 51304 1161 56624 93266 3001 27930 82682 34619 8893 36605 55774 37630 71966
9733 15
77857 58337 52738 39173 38374 46377 90923 55530 4715 25678 58005 55543 14939 16989 73503
242 17
17280 70018 98978 86949 10820 43269 20744 395 48235 23468 89742 36153 19002 78106 189 45438 10942
4473 19
95684 51623 53865 18569 6122 42415 49167 80782 81713 91984 73746 50259 26005 50710 43064 71325 77021 4317 23389
490 12
53040 44257 737 5411 39605 10519 30696 104 97000 60348 88188 24207
1596 15
30880 66979 76098 79620 11141 43430 19531 15116 2125 5745 99733 25014 29111 60540 75356
4154 13
3619 63752 26091 50924 32941 816 89968 66068 2105 35994 59035 51548 1117
417 19
10368 66048 47041 99685 42052 1989 53611 96586 94957 93582 95889 35858 275 23860 67351 54617 15324 60189 6910
787 15
28770 58404 28454 22951 56648 65673 93804 26830 44816 68117 18196 14260 87547 28862 39007
5202 18
58369 97824 60356 31782 21096 70761 19273 18250 86155 84619 34541 58381 15311 62898 24818 87187 84690 65496
7729 18
25440 16001 72099 86053 4197 24647 74182 28235 54159 43920 31058 80885 15638 31033 15641 89627 6685 5343
3907 10
33825 14146 27219 92245 58981 39237 34950 99279 45631 42943
9775 17
96993 40064 75873 7553 51106 63112 61448 77427 58834 94834 65172 77110 79094 10071 63160 4152 74620
322 13
11553 22915 98762 47789 65870 37233 26229 72500 86071 24630 6746 96607 52127
3568 15
34112 57089 1417 38570 9324 37582 3120 15600 66803 99956 5430 40438 38169 31134 20511
4951 19
80866 94786 58531 4648 83976 96872 99435 84586 81802 97325 54317 60464 17168 47056 60946 9077 79988 17051 28703
2973 18
98433 34945 14497 27393 69762 12163 33642 75883 48717 61101 78862 37616 18578 25017 14362 33853 34494 99807
7143 13
90787 61091 20580 82181 4712 34953 81037 45165 71568 46194 55892 33208 35678
7424 16
40705 31399 35913 68365 32975 99761 80275 21074 58581 93336 32507 37115 66877 99679 96478 79582
9629 17
8705 56195 13258 33547 88717 18160 51633 76914 60819 37812 87028 50041 1721 29531 63036 69054 30591
1504 19
6788 36228 12996 33029 55493 25159 27272 73289 81801 95023 5201 60114 39026 76629 89495 48312 87612 53279 10783
381 16
2754 17315 97925 13349 83622 7 41769 8747 78218 86835 26995 23543 40665 64923 75098 3837
7974 13
76647 26314 45484 46572 36882 71379 26355 74034 46166 88310 59320 27448 20571
832 18
98497 75680 76482 44419 29059 54441 1489 29746 4118 53142 4567 86392 85275 12923 17213 26078 3870 42719
4397 18
41856 18659 78149 70596 62566 26663 27853 5263 22832 47282 58227 88370 61075 1045 57816 10042 766 63839
6485 16
99457 26082 11652 97158 81129 95339 67371 86061 85135 67793 21521 32274 11795 49367 11608 76283
8093 18
84931 34533 3141 89863 53286 15847 39976 5675 18541 1934 22993 17236 35669 70998 11320 97945 93112 46747
8388 15
7524 92996 93028 57484 60592 97776 47698 93683 25618 40309 693 65980 73436 70556 5630
6464 18
58880 66338 88610 70117 49221 8972 42093 73743 7568 42483 73781 37271 84763 19163 78557 7421 71231 51166
9200 16
81025 75076 95783 40998 13319 72874 94798 59635 8628 21877 49335 90870 23736 5786 23611 15517
5607 17
99744 59715 1411 49891 35592 1577 2953 47916 87884 93808 66512 52916 1237 86135 13976 25977 40859
9002 19
77985 86336 34020 99659 57226 62316 16782 49905 31122 13716 91892 42901 39863 52024 74681 14234 12124 58943 2591
1948 15
47299 21221 27621 85158 87494 39560 99273 80843 44912 55184 44627 21302 51547 90682 62011
3729 11
92769 83971 95081 62809 2650 91787 52186 45274 11564 15581 25485
2738 9
85669 29926 60345 87867 11467 51020 80013 79375 99070
9028 15
1506 27682 70946 75877 18377 51723 33839 69008 9170 90292 151 85016 37017 71195 83450
1996 12
83088 73587 26562 67027 15683 69113 34632 40074 63868 24317 30382 33775
5423 19
68353 1409 70050 59012 95207 28551 1773 49455 16272 94963 55156 9815 50200 21946 27803 31739 46430 35455 8351
9761 10
54689 74259 61586 91986 55044 97684 3750 28058 91084 97918
1989 13
70849 80644 60870 53033 61260 89037 79182 39893 97175 85142 24761 64154 51836
79 13
17409 20294 40712 5547 68010 9743 92238 15601 95827 81522 34003 75224 3069
2269 20
37632 96225 54049 48995 21349 27432 36013 7341 96431 83406 16400 68373 77141 60244 54550 25367 77337 24443 79711 13151
694 11
56320 76704 49859 57748 58055 2487 62376 50489 55401 44731 42094
3698 11
3504 24081 18098 32386 64709 82055 8503 32312 68347 29770 91786
5513 16
53280 39013 87175 44137 56844 71501 87634 3443 85906 68500 58261 92024 65210 75099 49374 4574
984 17
78657 43392 26821 29093 67207 64584 98443 99627 3149 43599 62866 10131 5364 55512 73305 20155 38364
7734 18
41152 95683 25989 70372 108 42257 59922 90738 92277 10068 47672 95387 73853 96541 16254 23806 76638 12479
2131 17
49793 60033 57250 32293 30118 99241 83882 5323 28303 96117 96149 40821 4950 39127 98680 63610 58267
69 12
5808 92147 11810 52387 84681 24952 61912 65739 68154 51531 35067 61389
4065 15
6561 90021 59940 44996 86029 43277 18030 16624 43537 69141 9496 50234 69244 99292 33951
6792 13
17248 2690 56258 74662 37289 28459 60785 29429 3160 7163 71996 5277 52189
2115 19
56546 3811 40196 50089 70698 54155 44940 72783 57393 52372 99988 36470 631 30329 82299 56731 62652 28285 67550
2722 13
91360 75712 22626 91586 30535 85352 68648 63596 63545 75932 98911 58239 2495
673 19
44256 58881 74144 29444 92933 97092 72520 37068 46508 20178 4694 42583 65306 73053 96349 93437 59134 17215 50079
1453 19
74243 25123 68226 39332 54983 61255 24651 66733 59341 12015 28208 17714 51412 49749 15385 38811 1339 70749 56190
4381 20
47841 49126 1734 18215 81256 58217 89736 75947 31979 40460 38669 3505 46161 50195 24950 21975 54841 1852 38524 4894
3593 14
56321 43298 4356 93767 86790 47659 97806 54417 34994 63730 67321 25849 43069 98014
5437 16
46209 40517 37541 90727 84137 49865 62156 39244 29133 75118 99313 10326 58359 63416 36537 70941
2881 10
25536 76033 20498 13893 90360 43130 17468 80716 5967 92110
5286 11
74002 33603 53652 4117 22812 84511 47790 27086 94415 83647 60639
4660 16
26081 72867 10404 34629 68486 62952 82664 39466 49130 50666 8268 49197 53046 75421 6364 18015
8392 14
41824 32513 80643 20066 95714 96203 42060 99981 96946 36885 6519 2231 69215 29951
969 15
16352 94144 77890 3560 64681 4938 90538 36205 11375 6800 51351 38137 24281 7644 29407
1984 9
33105 80178 12902 92038 33464 32744 60456 29613 41551
4713 19
7840 55232 15233 15110 42024 47016 76521 20393 18798 6256 79089 16018 4500 86903 344 97498 70362 20958 2430
5811 17
74209 45346 30850 73954 1668 13126 85320 72936 6893 17872 99537 50897 72787 97719 35642 74557 27102
8831 11
9652 21173 73255 935 83003 28394 92109 8156 8173 90428 60767
1316 18
9602 88579 27652 76036 16101 16199 2024 31724 42573 39821 54062 8399 53426 40854 47191 11195 67807 91966
9934 13
42785 61475 74498 40644 85896 13865 33290 50954 48939 62769 76048 12599 31611
783 19
63943 99401 89896 68715 41389 2958 593 32306 49971 50900 92020 18165 14838 55062 67862 80409 42106 99706 85759
6418 18
79744 75744 36770 99717 81382 57577 4176 55251 7124 14997 96150 55802 39035 22844 3708 71901 82879 91998
1044 14
36160 47616 72992 2081 46663 94797 60239 35191 32697 60633 14907 51997 46398 60159
7611 11
31248 11570 38709 18521 30601 71784 56217 47914 77532 53390 72767
7148 15
71203 52707 3013 49863 50825 32426 48396 52590 51731 43448 13913 4474 15901 71260 8543
8958 13
37090 55618 12006 35279 55120 63505 406 60567 19992 68824 59386 60861 9150
7804 14
55552 30785 71461 79845 72232 90637 65230 50894 30002 3827 42228 10549 40986 51995
8222 11
89187 98195 5394 63316 40631 56920 32921 96763 45179 52797 80975
3883 15
42944 24416 48709 97903 52270 81808 44369 45299 33589 60726 99574 51928 73176 22713 73083
3871 16
60672 38562 98821 68647 2283 93037 83757 86380 29774 67022 67314 52692 6198 34264 93465 36057
7025 10
19809 19506 33186 98482 52644 18708 52788 10805 5509 81812
3050 14
17096 77035 55851 20139 7507 20053 89911 80440 14042 63291 50044 31709 57053 69020
7166 13
34912 49505 35811 74754 86148 60261 60913 58833 43444 59221 99387 98138 20255
8254 16
71939 59811 51557 10821 12813 82031 494 88947 42451 31572 81783 99576 13658 21884 18461 67518
5269 18
26048 63780 38405 39365 86823 5257 61193 41417 79595 66959 9236 55893 84148 24854 27223 34903 7929 50139
9963 19
51392 32448 66242 55717 13159 9928 47722 35723 3471 74257 23537 99824 34741 43895 1914 27003 54749 11101 13534
2111 14
88323 60359 26952 60105 5996 8110 43759 41618 10258 6578 38453 47961 6653 29311
6212 13
5696 10024 14766 11374 52625 15924 28692 96981 62838 35386 29498 84445 35388
4116 13
40454 43174 36488 14922 19149 67788 10414 52495 61807 70766 30546 9338 28986
7042 17
92896 60582 94727 77640 27467 64879 72464 69648 79123 87349 37687 24343 1911 38712 42074 18938 18110
521 15
61408 76673 57801 88648 4233 2059 53166 2254 84559 98259 82837 85149 35549 11261 7326
657 9
7188 35060 28948 27863 62073 39742 18766 83887 42847
993 19
96099 73605 37640 76936 73163 98571 98506 83276 61584 2896 93522 1939 3923 82869 62743 5913 65658 81791 15551
5272 17
37152 14946 44610 83652 18631 8396 37519 79790 26000 49264 50995 6228 38740 54677 52185 82744 37339
1425 11
74273 61665 82434 74693 71125 41816 55771 44715 68541 90989 24556
1110 13
63840 79109 81924 46345 82667 31146 76657 79216 13971 11124 94775 17878 52822
6076 15
20161 16963 31939 88709 73316 19881 8076 10124 98737 18577 50101 66935 90393 20059 12702
3413 10
56065 82597 80404 23259 46956 93981 11789 7166 14911 70750
438 18
63712 42082 11330 38629 32649 99274 89610 26861 35054 83889 79345 69232 60434 27092 66969 80223 66175 35391
6679 14
31872 78144 32194 29223 35817 55721 65611 80781 47119 65843 72151 82681 67448 36508
8587 19
61696 2274 75555 37892 32612 56007 35465 39498 79082 4685 47251 44756 76951 89433 64378 67325 61852 62910 96446
1584 16
80641 91937 87744 95584 41634 20516 55911 30631 92745 39082 21771 67789 75917 51502 11055 35610
3034 19
45572 70245 25349 67044 1035 50059 88522 47277 44302 65198 18416 97841 69266 86482 64024 28057 64825 41881 91869
1878 11
33312 95668 48646 18070 98695 54475 11468 55740 84076 28574 44655
5193 15
31968 55715 32326 21798 78377 45002 60938 74255 57071 28848 69331 78706 36532 84756 89721
6001 17
2465 9506 49955 79879 95049 51208 68073 18285 23407 50160 79986 44179 16340 15542 93593 21401 73661
7327 1
0
9772 1
0
897 16
90241 13632 30177 62212 85252 3370 71146 92813 19537 43187 64407 35768 89915 6362 31964 44446
7258 14
66786 79746 83588 73383 13832 79404 66192 51793 9938 53365 49014 80630 33015 60285
4177 14
46241 7074 92357 62027 53773 4981 7032 76985 46104 96601 83485 55037 7999 29695
9353 10
53825 31682 37027 78811 4698 42507 20075 70253 93341 81804
2162 17
49668 54504 42376 17961 31401 35593 93034 81610 81932 33165 54449 44531 84861 66269 31645 63614 34879
4986 15
40128 20097 40099 66917 1414 25224 22541 82988 36753 44980 63605 3255 99737 6363 52927
4463 18
79233 49953 45282 28195 93378 83013 32644 53413 87340 47407 7858 33779 90453 25685 25398 47964 39388 829
2354 17
34592 18980 84102 10055 36553 94728 48364 17389 95568 44082 85588 43350 88758 98489 83836 64925 13855
3955 16
76480 48803 6022 9607 38251 77965 48400 13169 62354 96437 21941 87897 88248 21980 63838 20670
498 14
38688 14276 95302 77897 11241 55274 80075 4651 74383 84687 85390 72849 64733 75135
9596 15
92897 83745 28257 58817 62020 70628 6407 83441 74803 36022 68283 82845 46877 350 52255
6236 18
72514 31748 97316 46152 26472 74537 23755 43916 89773 21997 95663 6736 89011 49075 37495 85494 67257 71100
4871 1
0
3998 13
94628 89508 91337 30958 50288 97779 4051 64979 53876 88054 57688 19932 71934
6355 16
56480 20133 17030 31177 10185 65387 97645 41965 62766 44783 33872 70258 84084 94618 50907 91485
1226 12
64032 94276 44775 86281 44968 233 62617 46361 96907 22973 77342 75758
7191 14
20961 84098 55622 5609 19977 97099 86154 45325 35312 55252 33140 39828 60405 12118
5530 18
78721 19170 15173 81028 59366 8809 38569 59019 6221 36305 76723 94165 51062 81846 71384 1436 70492 95967
9667 15
90180 94791 66630 54762 40011 59887 50609 16180 20501 36504 13401 43833 70655 56222 66302
9103 10
98080 51298 46179 94900 12231 40936 49435 59467 38012 63709
5438 13
49632 76256 98 87397 68452 41381 6373 89930 44812 527 94553 13272 60056
6665 15
14148 90309 67942 35658 21582 20270 60207 94640 88816 50515 49364 96148 78328 31325 15422
6423 18
59936 83681 18339 95909 92164 51462 60935 77451 7116 28524 6832 10228 40246 95350 23991 9657 64766 29438
8363 20
19297 77027 52197 421 17958 58215 12905 79757 24495 21457 22066 4338 10067 95698 13267 21268 75160 8218 86460 90492
317 9
47106 5507 91989 35908 14071 62775 87192 50601 82751
18 1
0
1634 1
0
2380 1
0
3938 1
0
6550 1
0
9336 14
98817 4034 95682 66404 70375 18601 18473 77454 31985 69072 14610 50935 7095 89465
4058 13
53443 84900 56871 27207 7336 55020 7826 17426 46516 29557 50042 46267 62267
8427 14
79329 63169 50819 10276 28841 43211 33516 98543 79441 82993 3442 82839 3291 85437
4430 16
58755 93730 44228 55012 12679 11400 3216 80369 68883 80658 62452 1557 92534 73238 81339 52219
3094 11
72753 10417 96483 19811 91141 70804 26457 94442 62188 41836 4876
4705 1
0
6940 16
73925 9446 24199 58983 69993 59466 27468 79244 57710 60078 26739 42102 6553 85883 39164 39870
6980 18
96257 52865 25220 55463 10247 57447 5705 37419 57681 95986 53205 92148 5817 345 46236 40284 23837 18909
7218 19
75619 46565 67526 9385 17868 10604 7404 91340 51664 45458 68180 41014 21624 42873 32922 58235 19101 49821 88476
4402 9
92752 31459 94612 47813 4185 28026 56187 12941 59661
4251 9
95377 46481 41937 16994 93029 80598 60970 15036 7613
8843 15
50624 41602 56130 58949 51046 62185 82538 4463 30128 39604 6612 41879 75867 78685 26685
5254 17
28576 41281 77475 7143 36272 86005 54325 12758 56823 76406 19128 3033 56441 14429 16734 56542 37471
3818 18
77664 85029 36133 82884 63719 21513 37897 55017 79850 40684 30574 88240 75954 24980 68854 98521 825 96670
6609 16
20546 76612 8037 26726 6635 40813 91760 73426 44884 17782 78614 69910 84281 64281 22173 34525
2824 13
52131 10632 91273 97960 72587 14508 97295 59793 55254 46614 87607 55607 7772
4275 17
80800 47970 21220 63686 46631 86342 93416 32042 86091 71821 99148 70417 95189 98905 60857 2809 80892
2778 16
6688 11107 7237 66600 10732 64301 12271 61039 13424 75312 95289 5212 5981 53630 92159 95839
5374 15
28992 73312 40168 84393 91279 3151 33074 50546 68019 61236 10324 82644 91574 75704 86331
9461 14
1827 9925 87140 44422 35751 4073 19856 29586 63315 78587 40090 87580 40413 8414
1464 11
90673 32384 6964 32197 33607 10968 70201 40376 23162 61212 31005
6239 17
40704 45378 31844 50373 26885 77607 50310 59596 10636 94511 57560 16312 72953 81944 79224 635 27871
1844 16
32769 22883 47525 69508 82730 19179 84941 95886 28593 67733 67700 98585 3226 54363 92028 6335
354 14
27463 96198 25768 31721 875 40715 7916 36524 24559 12881 91603 17591 30651 43612
5547 12
9153 83536 50578 3379 77720 89992 49370 77659 5500 71951 79694 35887
7989 1
0
9255 1
0
7977 18
81155 16514 73858 52968 63465 85101 57517 95919 60431 9618 22995 13108 18676 58806 8182 1113 8250 98237
6109 9
12003 39924 61318 93430 1178 19931 71786 89884 25854
3472 12
35120 1105 54738 99557 15701 92424 59977 98875 587 3501 95870 28175
8300 12
31408 92704 60051 54196 10836 33813 62377 15770 9754 41532 73038 51039
1014 15
74625 62913 46274 33578 30283 74634 41197 67950 65429 76791 7927 77146 27325 21950 37599
4606 11
57936 40242 34227 78370 24020 45877 59143 20684 44605 93740 93551
2923 14
64384 17764 87908 3340 19756 84721 9779 49587 89943 51640 78873 87323 20732 9340
7039 19
20064 50114 72967 27978 42126 36815 71440 85555 83474 35573 77076 76407 42519 98041 70713 91512 67834 27899 77918
9013 18
73728 63012 56101 49605 23750 92583 79910 56551 28809 97195 64716 45327 46927 52400 75957 33431 41657 88859
1415 12
86353 83073 11057 60818 59570 36581 35560 18746 12331 77295 67311 89423
9302 18
22657 35617 46052 83431 85673 31657 38601 15916 24685 8397 85456 23442 16179 44023 6648 39129 43289 20060
9124 17
15298 17411 43429 12780 32653 21421 94572 72526 92274 44053 20981 79060 40886 60377 62522 15162 12191
6619 12
21025 48818 99811 5794 31253 96439 38534 56857 73595 46796 11694 33183
2892 19
51425 9474 10531 20135 37513 51820 26190 74543 20815 30672 53745 15090 4658 50451 56667 72634 55996 69949 85247
3617 11
44752 23200 19089 40209 74355 84356 48872 91049 69277 28124 96141
6470 17
55265 50052 52709 97384 97803 81962 95501 52430 90831 28558 1969 35795 64147 1076 20950 18006 22269
6442 16
81761 69280 11172 11660 71791 20785 38770 71284 27191 82710 36183 83160 52025 6299 73213 36383
7822 12
48849 550 86967 51399 77976 70296 74828 20701 66124 15773 45966 75535
3406 19
67680 55139 53507 39556 82917 36740 3749 84299 33196 66604 37390 91345 86708 2838 22649 82683 2525 86556 77535
3684 12
36274 66179 75138 52341 73767 38487 65974 64184 81144 15994 13979 50494
8279 1
0
9927 1
0
5956 17
73217 57377 18497 34372 33959 23111 65480 7784 93419 66314 81811 92215 62969 89882 61150 1566 83263
1752 18
83265 226 3970 40002 3907 78980 63175 88425 14089 34219 14251 50923 66285 97137 6294 70743 56345 30714
3254 17
39232 57953 67333 7625 31018 31947 9197 83955 36659 73943 31863 73371 91770 34267 37406 42335 2431
1023 1
0
6285 14
83809 94245 32485 24073 10892 26159 14578 10521 41241 86520 62169 96251 93151 86974
3290 17
28385 18661 17413 82662 93512 84907 76 33484 79759 10959 14447 90740 81172 43961 23482 3676 91742
4460 1
0
5 15
83777 98759 47081 32713 30091 62891 69906 90613 41431 70553 86009 34776 31929 14459 85820
5291 15
14817 59522 84620 90668 57167 61936 70384 84149 76501 80916 28149 34906 38170 65915 56315
2214 17
69665 94368 51556 21223 88742 5449 71149 36172 59437 45646 69006 75024 6515 64376 59288 25274 37980
198 1
0
3324 11
63905 16067 98469 27589 77126 23321 29258 56075 49851 6316 63487
8917 1
0
2293 14
8227 61028 56425 98604 66863 34447 9744 92725 43317 89524 88376 45466 73439 61567
4001 14
13888 97667 29890 31140 13030 8528 19280 21650 51954 65591 81051 90042 45852 79390
3947 12
40480 50385 18930 92530 70178 21316 12650 46971 97418 29341 55870 6863
3369 10
36496 50739 38612 19956 17204 49076 1077 64757 44346 15038
4742 17
79458 19146 31916 10573 22189 31598 1743 80334 87984 13207 71030 8825 56443 93082 40125 71519 96223
5926 15
86784 34786 59526 35943 87561 40395 97132 78639 18542 69838 52752 78192 71833 33209 66234
8910 19
43138 81603 92261 83365 94724 97575 26215 19559 55435 13132 4878 61520 22611 19798 32055 56663 87320 42750 35807
891 19
69921 2533 61413 10855 33768 79752 64491 87948 25101 67375 39858 6322 74930 88916 44791 5752 76477 77788 68095
2086 9
10082 22534 8855 71240 69080 21483 10909 64126 50175
5386 11
50928 13760 42897 4963 46440 65753 43464 47129 65754 18316 87326
9562 9
78801 6065 43028 82933 66324 90086 24074 17388 73374
8122 10
55650 62802 99042 22757 93479 70857 6121 53274 98957 93036
6717 19
36096 32544 28162 25539 83653 14982 41992 74352 68371 52310 87993 18904 26392 40088 2492 33661 62589 18367 95454
1952 14
80224 91043 96773 61733 41925 42604 63474 43701 57365 31511 33240 12985 71355 90973
4351 16
46112 19361 39778 12710 62473 11978 38794 63437 74284 79471 91438 16849 29015 46872 55224 69918
5999 14
59137 69509 50054 21000 42056 96427 41739 75402 70701 11566 89070 10128 75664 33623
1065 18
76483 50281 91882 95946 9836 93966 33295 78289 56400 36080 39346 9015 87160 73016 77947 54970 59899 28543
1004 1
0
1161 1
0
1800 1
0
5724 1
0
4963 18
61153 36289 39937 28802 32355 62023 67334 13355 99629 28048 21360 47826 44372 31380 99191 34875 21883 42460
4490 17
88257 95526 71337 49258 81386 39788 83630 77937 73041 94608 73008 62514 6041 58202 16060 19038 70238
4297 18
5924 40293 8519 71757 28652 75660 25838 50128 35826 596 55765 40342 85081 41818 77693 19612 81533 7838
5285 13
31780 26087 41032 64457 17578 71759 83059 2419 66260 33018 39323 669 84286
7159 16
84160 89347 38087 84649 78410 34573 92431 53138 7829 66644 72887 1623 39578 79578 18427 99647
5668 11
66577 37264 41952 51313 60769 50980 96666 6203 64684 16157 78751
1249 8
76800 60004 13016 87288 24923 43004 70255 10207
3027 10
30048 55443 26116 36246 94987 72139 93498 62107 7709 686
8773 11
56192 5104 17779 13380 89908 33557 36647 75291 57468 85276 40334
4933 19
23748 79686 23819 67725 12876 14509 26349 1839 92209 8786 79794 84850 17651 26933 94648 20954 20475 38428 93439
517 19
79584 74050 74245 54503 30055 41481 47947 45419 73642 90605 46862 81806 21012 3476 57333 60630 54076 89982 49599
3156 15
41314 94725 82727 70022 18056 20300 69169 44433 43827 60921 68184 17659 5883 48445 93278
4059 1
0
7281 1
0
9128 1
0
8683 14
76224 44385 60422 94313 70123 54414 94739 58644 5972 22774 16759 25176 87996 15613
5175 12
29872 62499 74994 6659 34740 51604 886 81030 70139 12890 31419 57263
7702 19
9761 129 77442 81986 95141 57316 29319 23592 68778 42188 22798 44431 45200 8305 10293 69145 84473 44954 5790
4250 19
12544 95329 89315 16418 71909 98758 8999 22377 59754 25963 95498 89802 64845 20049 66035 8404 25688 4060 79679
2049 15
98753 35266 13156 3273 22890 60204 8782 13521 49714 75571 79668 58646 20983 8094 9086
8404 9
91728 36801 44882 38866 58196 13368 13529 82120 96954
3301 19
8738 40547 19556 87044 1990 19561 17449 35755 31788 71697 89106 4947 70229 25109 4023 16442 38908 2972 92476
5523 1
0
7470 10
30834 60595 25892 14340 97382 58776 47689 89688 24953 99819
3891 16
36064 96200 92040 47052 46221 17549 77393 69713 5875 64916 42805 45174 86807 21847 70328 27807
9889 12
32305 70722 28851 75653 55108 33093 99860 47077 39701 29752 17833 75279
5095 14
57603 23429 54888 2442 35594 42635 49580 72588 10740 17113 34202 73565 9341 35743
684 18
96289 75396 63941 18534 78566 29962 7471 90353 17968 3569 6642 76404 76599 77143 47959 62168 89530 59709
5889 14
196 21957 24905 67023 52847 56880 60145 92496 50516 52052 46453 53753 41564 25503
6612 17
91424 51976 56585 64075 41036 90289 1584 3698 21810 53430 26840 22393 61274 11996 56700 60509 63998
4661 13
51616 42756 72713 81257 84872 21867 3276 429 13396 81821 97597 17597 10589
5835 7
89745 93568 24979 93577 78040 48697 6703
7601 13
31394 60839 48744 44649 4908 70028 51149 9712 30420 16892 83421 89117 77438
3074 17
28384 82820 63173 32454 40967 61127 88267 37009 81360 21746 92498 26264 1016 88537 61306 24574 75486
3418 15
98243 37794 48325 67750 96870 78891 19757 92780 21134 12207 28143 4314 39322 8222 65342
3572 18
7170 52260 61989 71847 89382 25351 60392 92553 38634 57615 4815 65971 58966 83768 56378 36954 11614 86559
7515 11
63763 85042 5656 77803 13034 1370 32060 61005 35357 27885 32430
9641 15
46240 56583 52231 39752 85065 79147 91498 90634 77591 22138 95066 79482 13853 91071 78078
587 1
0
4758 1
0
6129 1
0
7819 1
0
38 15
92416 96167 21768 61902 45134 8915 5620 51190 97654 40183 40728 42521 21305 734 10335
2746 15
81792 2760 61610 39339 96044 94130 84885 17972 37813 77302 92342 27449 6172 11870 70366
5896 12
1633 91507 60851 6549 42871 5847 25352 53833 88504 96973 50877 25822
8663 10
38608 43539 97554 49876 6134 8726 9850 17711 60655 87246
7164 17
1665 11969 32675 92743 59655 16300 51026 11250 46932 88532 51927 22616 11034 26683 4667 89788 93598
4817 14
48229 73641 54216 38858 30252 71596 88560 42036 94199 11129 89661 86077 15645 69823
3970 14
80384 37441 3427 2949 90280 88203 55053 32750 55513 1978 74394 84154 58686 81727
679 17
28064 38913 66304 5442 1380 10728 38440 8937 98826 39950 5008 42288 63537 93904 56499 76598 85535
3667 10
67393 69139 88836 13608 41337 31002 84363 80618 18478 62143
3340 17
96673 34884 33191 77225 76201 82696 89643 37866 8177 66710 45755 23964 31484 7453 46621 64382 54815
436 17
73634 15140 11589 94503 57743 96497 6930 78386 48725 63990 30423 86715 58907 6619 20540 41981 65951
3399 16
10465 28034 36676 64165 35814 61191 22569 40973 19469 82928 74295 48438 37944 35323 31740 76703
2159 14
11073 3137 20067 95876 99497 47592 5738 26220 5075 7283 42551 4601 73915 37790
8174 15
609 52739 13926 31207 17294 61041 86736 25361 16501 96761 70808 77403 89563 1372 70524
678 12
33440 31520 68211 36725 47622 94664 17194 47386 8939 84236 85487 14878
1269 13
69219 31493 7718 16327 65737 83339 84144 42034 65460 21019 88351 83487 43551
9447 1
0
1773 14
68833 93441 23778 13988 61380 56875 16687 79246 13491 73845 83220 79356 33405 70494
5981 15
70177 13890 60168 31851 13581 52751 8497 99955 74969 40538 35899 66557 22909 13949 59199
7975 18
3073 59175 20873 37579 34605 98766 69390 62832 72722 61299 36179 40404 70037 24213 52789 25559 9242 5211
8649 12
62417 33636 61716 45589 68823 89830 53719 89832 94712 26555 30396 25295
201 12
36432 41939 71506 45238 97865 55418 59402 10122 9003 37292 22782 16015
5957 19
7362 73285 41798 92937 12683 14059 9519 93648 15857 11601 4178 16118 69655 38263 45400 16538 69754 30236 56863
3428 1
0
9671 11
90304 55891 78821 18246 76265 12328 77785 32937 92380 27758 68750
2552 10
6884 85285 8695 53016 56745 52282 682 58300 8988 93487
3491 17
77477 84838 19591 74566 83403 52810 751 36976 52272 24849 87251 49651 24919 81078 39672 16186 55230
3987 13
1696 10272 67400 86824 83090 22648 9082 75163 70107 78045 95453 74591 84063
896 16
65633 23617 84771 73411 11746 27111 72230 95797 55381 17942 31190 56854 91672 43258 10622 51615
9873 19
45056 83456 26306 13861 69032 31850 46637 43377 786 4663 12600 21049 95099 71994 75357 96284 69151 34943 61023
1288 16
23362 6248 72681 96875 44331 34637 31277 65587 58451 48631 75480 76667 68253 45021 73343 17535
136 19
40032 56992 13761 44802 80739 62274 13762 82340 91654 30890 43787 98607 71630 89139 26421 96918 59705 58009 59229
6246 11
35090 77570 12292 47975 28024 49176 68475 33834 52410 72842 9343
7755 11
36466 8084 64581 8982 55723 33371 10059 54764 41405 19806 60014
7256 16
65158 10760 13834 12778 33739 86858 25935 50095 41554 2354 5014 65334 24119 25048 36733 8926
1224 10
625 45202 46850 56486 40119 23191 7351 61704 70152 70091
177 1
0
7491 1
0
8862 19
13733 95974 10058 22413 95183 64911 21263 48111 61649 92624 80888 32601 76154 85213 51933 95484 40222 61951 4895
257 10
43841 35009 88115 47090 30468 40565 7848 50651 10011 48541
1606 18
89988 5223 95307 70957 14572 87052 81745 73298 22806 92791 70198 16695 70712 60313 93400 81083 443 82204
7056 14
44962 26790 87270 31978 34090 82737 13906 98579 21399 34265 11513 35195 50333 59871
6972 14
80801 13346 88995 69506 96133 10341 85067 66092 71093 87157 49303 33784 52281 83738
6023 12
92097 94561 99298 90994 61444 60407 64872 7563 33275 27053 82460 65630
6289 10
80833 11857 67445 757 24167 93353 9609 25275 63421 37646
4681 18
5920 36866 55202 26436 76932 83177 42506 81294 72529 50545 25106 74710 74041 13242 20058 9211 8956 88926
2816 13
28229 45160 98923 1099 81484 14992 22929 89651 43990 73720 10524 55708 48063
3921 15
89729 54401 14659 74507 76490 61771 86890 1420 63852 15053 60181 89556 45079 43480 46074
5968 11
53808 52656 24225 19106 72515 34276 17157 15547 25980 45326 92878
6029 18
83137 48449 20803 11396 3780 75020 90447 9711 93137 83667 15123 19924 55830 88249 96859 86811 85567 6174
5169 17
26720 79585 12931 84648 60266 31372 49902 7598 9265 81107 66741 29783 77688 32860 55356 56605 96286
576 12
47697 35571 96841 16664 61498 35371 30843 68442 39389 22253 58222 27135
7571 17
32320 47873 81760 86307 50211 98311 94825 84042 78861 38860 92146 25497 77627 46106 35514 14748 14527
4213 11
94145 46208 24738 29636 28342 47974 9895 26825 16057 77531 79678
8412 10
88384 65076 63364 96599 48935 3224 47400 75065 71832 74206
4160 10
57938 97538 45332 49384 55481 97979 87595 2923 82157 33134
2854 14
65857 1986 6340 49002 48426 50157 85806 88593 41904 66325 94586 21531 67260 82910
8190 14
60097 82179 56899 84964 71017 42732 63055 71534 33263 69522 14996 86973 56861 26622
3997 13
17696 96706 80548 61833 91338 58924 19091 27923 77846 95705 5721 51323 59100
5439 18
74913 17824 69698 21990 838 92296 10570 86027 96330 51725 75089 49521 62001 20181 24440 60442 80092 86206
8534 12
57696 88065 29668 93623 80071 84520 37898 17498 86509 77373 74239 84302
3612 1
0
8887 1
0
1403 11
8000 80403 74162 42019 68456 60650 58077 59518 55951 94238 40767
2703 14
50817 76451 33571 56131 59556 68548 35143 97736 96945 75411 35603 35062 22680 70683
5723 16
92131 94210 38371 30312 38632 59787 57518 43470 62640 10708 63477 24408 71578 64924 12861 99295
8858 16
27458 88898 60132 52613 65065 42378 99019 32555 17356 13232 79921 6962 86450 9267 1147 63679
6197 10
16497 25777 25315 60903 63095 16441 442 25916 4942 6879
4100 12
18176 80240 29972 68742 74854 73240 87147 51164 61020 18669 44205 35103
8617 1
0
3065 13
9538 57986 57157 88681 13897 67243 54699 78668 72236 27791 57679 18806 36925
2732 1
0
3788 18
99265 20704 89413 89924 4613 67305 91594 45294 54384 94641 35027 20309 94356 54710 18810 26619 79613 98751
3234 13
22305 33474 33830 23146 63563 93421 82700 78255 68210 83097 7000 56990 16414
3529 7
25057 92291 1810 36293 75927 31928 80431
2350 10
79745 73379 60978 20453 70 18392 36280 31049 36697 92186
1085 15
21633 63683 61092 95588 65959 80169 27081 53453 62317 77679 84303 88890 18908 98300 11454
1736 14
28835 14500 87013 38986 3596 25645 76014 64976 69424 34738 98996 63766 79834 17055
2468 19
92160 59586 55111 97638 44075 4270 67246 58641 76499 48757 75860 22455 6745 84408 71515 15132 64188 50910 82367
349 1
0
3199 11
31616 55105 52228 39943 34905 88395 68187 2875 50556 98845 30461
7360 1
0
7351 17
22850 96421 23973 72391 14182 58439 34023 36168 61674 40042 67279 72240 28531 38075 54109 3102 13311
9050 18
88577 36869 15685 66215 77321 69708 6413 23599 71952 3889 8051 17366 49814 48854 58266 74653 78140 88542
461 17
50918 33194 19242 50539 47118 79697 43121 47155 83538 8756 42774 47063 39768 37561 47097 32445 88031
9951 18
30497 51430 49895 15113 99083 50730 79279 50703 6896 98805 83863 59129 30746 93979 64155 23612 29724 75166
5076 18
95265 88867 86242 31972 6149 71239 86919 69382 10279 61896 5897 84936 58890 91725 75343 4276 54394 53659
8046 20
70753 19009 13731 67877 51652 16932 47686 35624 1801 80588 53710 93679 52846 70965 59572 9462 23451 53756 89532 48638
7107 16
36800 3106 3172 55079 52873 5810 75126 92792 21113 7865 31035 1787 78077 99389 34814 91134
8679 17
59905 32609 69152 24578 84389 72708 53446 95335 72105 8456 11756 4751 91990 9977 31354 80923 80286
8838 19
46113 65952 4993 86787 90146 44964 2151 49997 68940 85036 2611 59702 83446 13303 1276 7292 68477 22781 49823
794 1
0
5707 1
0
2151 15
81858 12005 18408 27306 21836 67340 89199 57231 61360 32336 42867 90935 66458 94655 43102
7602 19
92992 16194 66308 68971 51179 84010 20107 93420 35406 73009 8564 24569 19354 55866 35322 57756 62940 69532 46366
5860 15
77344 25002 4525 74094 82990 48944 47952 57872 54545 65811 30580 2073 26810 925 31262
5712 9
65409 77170 5529 44794 38714 79116 57198 32655 23199
7985 15
2 45443 55560 53066 16010 89738 13931 80493 56341 92409 70264 74395 87738 26172 33118
3402 15
81827 16323 17988 10026 72049 27345 27412 26356 11416 90872 75387 7899 51228 24221 36767
7084 11
16320 39056 93825 55157 25638 38327 47433 70667 25547 38219 50476
4472 11
13360 96709 74212 22 24982 11639 6311 77229 44076 68847 35070
3249 11
65414 15034 18043 43979 41500 71565 40332 88941 1549 32287 3663
1486 15
65666 78407 14278 53225 72111 18832 5811 39766 79319 44282 12250 40667 13851 26716 72607
8148 15
33056 74372 80619 38314 92203 8749 14128 77328 65106 90519 13337 7387 94396 78940 798
650 1
0
2675 11
928 20321 91568 87522 61797 75092 38806 76632 82203 50380 27564
8896 18
80737 57153 31074 76707 20100 96932 69415 32486 82346 48716 83277 45229 95375 9647 97426 38522 31674 64989
555 1
0
5107 1
0
8490 1
0
7662 10
94080 28245 53145 58105 81018 47131 97709 27790 92383 93983
2305 18
29152 51651 38883 97576 65640 74346 42829 41775 29008 71856 68432 8465 13779 34646 67030 75993 75577 68312
20 14
54112 37314 60514 45286 79689 17453 56269 92494 54544 21904 99671 70902 68344 88220
7274 16
56897 37253 67335 37224 70856 65962 79949 13037 41077 28536 11288 15416 99322 97279 56510 98846
5313 18
74021 46276 9801 25581 50286 69937 145 80434 82066 18388 84725 60437 81844 25944 74841 31866 53210 20380
7329 16
12897 44482 22373 65062 36041 7340 67948 54767 77390 40915 10995 49621 52917 4662 33372 6974
515 9
86261 6102 50616 54890 88571 14908 50076 89148 14317
6538 10
44112 80291 70242 14933 46525 14029 63790 78623 11118 8287
6374 11
73713 61458 29970 46438 82233 3336 74859 39290 18203 19661 96364
2346 1
0
8615 13
60833 53634 20740 6437 27558 45706 38768 53492 96694 45337 92221 93148 87388
7178 17
73537 932 84549 91401 43564 28941 28205 53133 92943 52879 6418 84338 60660 70644 7190 49819 98044
1079 14
3488 76101 95561 15785 77773 40718 62543 80081 96464 21394 29138 64083 27318 68314
8791 1
0
5147 16
72544 3587 88450 7494 98183 76297 53547 62803 22453 5397 11510 72695 35705 4505 25915 44093
324 14
66211 72771 97225 65996 92172 11697 4785 33810 10291 45972 49622 71708 77340 65373
3194 12
83891 20979 87381 87799 76102 71611 18218 48668 73420 12605 67871 4095
3953 1
0
1045 1
0
4544 11
60387 58307 72805 98404 18326 28392 17865 87227 3786 16494 54207
3730 1
0
8005 1
0
184 19
64993 71043 33542 56326 33259 34924 40236 87278 19888 21874 80850 31799 30330 66491 29786 98043 33146 41179 69535
8673 16
26241 30594 5764 66372 90983 36169 2635 55372 55022 49139 19193 42713 39802 41820 49726 65759
5266 12
32944 97043 17891 7779 45651 18244 69044 75799 46615 26807 22186 13900
666 18
30881 67875 58181 14885 36233 25193 6572 99567 57487 26993 14705 2834 13783 21912 74264 71517 92957 9951
1949 1
0
997 12
16160 4179 56307 67812 7654 21592 17065 24588 19900 83437 588 54125
6241 1
0
806 1
0
4914 9
65108 64661 98086 26633 16410 72650 156 89836 51134
1906 17
75392 94019 39267 12547 57508 56452 64520 12108 47343 33200 14576 10481 49715 26068 71320 41627 28221
9368 14
35333 198 26343 52200 67656 25003 96881 52306 6710 1751 65338 50940 84092 73662
1109 1
0
4089 15
73313 92034 17923 51237 80200 90666 44781 10863 23728 8625 41204 81364 28599 33144 18207
270 12
89072 83779 97589 33876 68709 73124 95657 20521 99707 53802 75116 97247
9788 14
66593 7586 39108 97895 93478 95694 3760 68528 23507 40467 52534 98038 48924 26399
9656 17
29505 60770 41026 70693 58660 67172 52553 28586 46988 1713 5714 40244 77205 67639 74266 69692 84892
7337 10
25456 74817 60899 85797 20821 75684 15734 16969 91868 54175
1671 13
63207 9741 88014 69330 57973 3125 69239 19287 90169 16696 79097 60089 21087
1789 1
0
9367 1
0
5153 17
99523 71365 88837 69060 24774 99878 14312 74603 24750 32079 33519 91156 95828 68758 87545 18137 46590
9286 17
66849 99937 5441 78822 43336 4490 91755 86477 27276 61292 50225 12145 26962 11219 26395 44411 87900
5305 18
77186 11876 41062 86953 23882 40781 70001 99155 19571 23796 36309 43830 82840 43610 47738 6778 89914 69757
7307 20
82144 7843 48963 86853 80389 1736 60425 75500 2575 69264 83317 62934 89015 9078 22807 98806 22940 67741 94495 57695
7468 11
44624 33073 37412 26244 96293 85876 68262 67830 6968 71658 13598
4236 18
18658 71976 82187 48622 96879 93326 19151 18928 87281 53937 57619 8116 56437 5946 59741 8349 87071 64831
9488 18
83841 64962 69093 38918 48457 46060 54925 6478 15888 84273 2066 65138 35734 65239 29148 56445 88831 68383
1314 18
87717 38917 46120 39913 97131 20714 55018 29706 39692 52397 12496 66611 52882 24981 64889 63642 3071 89598
9173 15
58756 325 20583 45032 63851 83756 91665 56849 90896 1298 92339 5107 98386 25082 65662
7870 16
41283 62662 36838 8072 63337 30476 61103 66256 31090 57523 20596 20086 31063 19673 69464 47421
5088 11
92961 16112 50196 22085 71975 59896 26890 17693 1326 71470 61135
6537 10
62561 17495 47626 93851 34347 31147 49660 89357 16189 33790
7450 8
78642 87177 22218 42922 23131 33548 91580 15695
2899 18
76929 2976 73507 43619 78020 97510 66185 89161 97387 68108 23790 33647 22960 7636 37429 44661 28443 64415
4696 9
77041 71248 99763 34933 54663 22119 51178 12829 83870
1656 18
43936 24609 25507 44711 60616 65224 88168 93771 97291 35245 23470 87475 19251 86226 37811 61273 72509 1053
9797 16
20576 93826 31556 4103 51079 21164 32109 52045 94156 31216 88882 45942 83705 33849 50621 9823
6606 16
32002 40103 63240 89288 83662 40239 53170 47923 40500 1236 28087 5144 4697 27485 92191 55231
1843 12
36624 76691 54642 55459 52837 79895 28056 43019 60475 92956 87532 20750
5642 12
12160 8433 66818 35781 49797 61093 79255 94043 93260 48781 14285 72079
1342 1
0
2144 1
0
1097 10
67248 74675 19570 36934 76006 62296 84461 41182 17246 38974
9208 11
91296 497 76851 34691 83127 68199 39015 88985 60684 28476 23102
7223 18
52320 10849 34182 27721 70059 23151 99790 95218 15989 83700 8314 20730 27130 70266 19198 89055 60703 18879
1031 14
26976 94560 70788 77389 55790 94385 80848 56018 72693 34293 39289 80219 93725 51452
1033 8
22592 35570 54274 59925 35336 80585 32089 1227
4772 11
80451 20258 57075 73300 14058 61067 10587 56268 15021 48141 5871
7026 16
75105 28224 59233 34018 6916 89158 40458 71221 7860 23830 33688 36760 45019 21756 2780 47326
483 18
23936 55175 33160 32841 6826 85773 95567 31983 76401 60976 96505 28793 31641 35897 22428 64702 13374 72158
3422 18
448 13697 33537 37954 44517 9029 34821 33414 35111 5674 60459 70129 8208 40663 54137 73275 19997 32509
2089 12
50096 90595 54279 80168 57289 70459 90061 65452 79692 35134 89998 41311
1630 10
4576 82512 74771 36035 30501 85785 84827 20363 14764 44063
7869 15
79648 23714 19458 29222 2088 81064 62892 23022 42863 31536 52757 62230 38105 42010 17469
6346 9
30385 80243 39747 33365 86457 53784 67514 84554 31839
4922 11
83201 25913 49962 81163 93787 60538 80026 96621 34812 62477 93774
9582 17
82593 80930 84645 15781 26027 62732 68781 72460 38096 76051 91380 65333 18295 79771 72058 75325 57117
9800 18
27170 87909 39110 21735 42314 62670 83343 72334 23887 65584 29458 29173 84088 62235 37308 97820 16573 4382
4350 18
63488 21419 69962 461 22032 63922 4595 65685 10101 37207 11799 19095 24984 47931 4891 47900 92255 11263
7497 14
92768 7073 90886 50765 9135 69808 53105 36818 57043 22867 14803 74228 27131 71391
6057 9
30803 98002 92341 67348 23430 82939 16604 72172 58911
9139 14
93889 72003 71303 58246 95334 23623 84966 87919 14898 33621 64792 10873 9723 42268
3631 1
0
6783 1
0
8285 1
0
8688 12
87923 92562 62920 39896 43241 313 12698 91130 23532 81996 61453 88654
3937 13
9537 1859 7363 43555 62823 9640 80937 63472 80435 40054 80665 49214 90046
6891 12
20928 43761 21649 9329 2323 75143 88505 45402 9451 14699 56573 6461
3966 15
69537 51394 23171 54761 49803 939 60619 95149 62225 16019 99125 11189 57430 25622 74493
9463 10
12448 71472 21219 20179 43157 4551 30440 42681 33674 5247
1094 16
68387 29762 8740 62567 59657 2411 66739 47668 69908 16182 67254 30743 2012 71580 2975 34239
1430 15
77859 2531 65702 86408 53609 41002 18858 89197 37841 7282 26965 68892 52734 222 15871
6137 14
94337 84257 11968 30085 93606 53930 39948 74131 29301 87126 2745 49339 20860 73726
8730 12
70577 38448 99587 29795 54180 28565 97591 17254 80550 78006 3066 99517
2955 13
88160 45602 56386 82628 80141 56846 33459 6516 53844 67929 55897 23994 63230
6568 15
56609 67360 15778 24258 15107 73865 97611 40682 48044 62870 82393 53979 47901 77119 95390
8951 10
84563 39877 20901 65174 41158 76806 6716 9708 42317 14094
4449 17
36067 98500 74759 97606 19175 46057 37354 68749 83404 77964 58512 94003 65525 78519 25783 46169 78847
6357 16
40896 22144 32768 8739 38821 27365 10379 76973 17645 590 65328 6833 79763 70039 94390 46143
9343 17
38880 89605 39754 90859 58607 58704 82896 31442 38930 5042 80693 34356 66649 37784 42715 78076 37151
6845 16
12929 17954 82083 37282 46919 91369 17609 91562 44944 70964 55542 77494 12793 17241 22266 8574
4406 15
58691 35493 95558 52839 93480 85131 56138 13387 79146 98381 19981 95250 27419 83932 34718
3148 1
0
3245 1
0
2495 20
66336 22049 4707 65060 26985 36009 45994 68844 98988 76494 65423 14896 48434 86643 92082 27764 75157 86359 1722 47549
4273 10
67891 73157 13573 7493 42295 25865 9899 50238 67823 75342
4431 16
60032 17664 86464 45797 63847 5799 55114 27275 18859 38796 55444 79125 14772 57498 91132 74076
9624 14
32801 64194 55523 9731 4868 79526 36330 77579 65292 21005 9714 67997 94716 57375
2551 16
81248 7810 24642 75682 94466 96644 2279 4071 98891 76527 66606 77586 65908 63513 34329 63646
226 18
32160 23681 1954 20514 83398 41896 3913 35050 77675 47086 3695 39376 50448 5523 81207 42972 7484 90399
1497 13
47872 86723 12836 27689 7947 42187 37682 99669 41685 69302 72508 35165 50078
4130 16
833 86176 45861 15077 59238 84359 34188 14511 41392 15410 22451 50355 52884 23382 71128 75000
7794 16
26148 91529 78504 52235 63276 36270 86671 55377 724 87669 45367 99225 45017 51994 34555 74812
924 7
63681 30692 9573 32869 2009 2345 59119
9151 19
82145 30530 29763 64454 4327 69350 59721 87691 49325 83569 39121 52753 95891 87444 4598 79959 33175 49083 2175
9505 11
61376 9010 3604 14852 25253 67620 82550 89049 32170 91610 61134
1364 20
46785 61473 78179 22118 9703 5480 35016 43337 95115 83629 6637 67215 50191 36175 31631 53457 7442 16602 18075 13278
5348 1
0
3202 1
0
7494 1
0
6662 14
77505 22401 53378 64323 33638 95718 65002 44556 59662 2576 67410 46197 11990 63706
3091 1
0
8983 16
95648 48673 46498 26723 41029 79176 57420 91117 3441 340 56183 45432 4729 94589 60477 35583
2754 1
0
4589 1
0
1204 18
86720 11271 64777 88684 12557 54349 79823 58673 78355 691 50420 97140 6582 27545 29562 91388 11677 31487
141 1
0
886 18
58244 46596 56359 96329 39817 18089 87083 31949 74639 82062 50608 95729 22617 99704 99355 8700 59837 73724
1229 1
0
7013 12
65760 21747 36084 28612 97797 45430 30790 55639 58887 67787 2619 16940
3262 11
76096 12097 6771 33764 52486 7047 4360 16906 85357 30813 1965
4592 1
0
217 13
75360 36514 12165 30982 35495 70281 13804 61774 30737 59223 48249 62843 48188
4074 1
0
1092 16
60900 59653 50309 81673 33965 23667 59219 982 33526 61238 88470 62425 26714 52829 88606 21791
873 18
40448 20673 18274 75970 51555 70023 99080 58891 74897 82000 52468 72629 69268 92375 79035 55579 7037 26751
2446 11
7088 30018 91203 50706 31139 16820 72180 9049 665 57737 56570
8364 15
27425 12066 61859 97319 88838 83689 24009 57450 41327 81998 72560 11546 60410 4091 96410
92 1
0
2942 1
0
3794 1
0
4030 10
91076 75412 16822 79414 40679 77577 82056 86330 79646 29839
3252 14
4770 39908 48006 62024 53769 45418 19691 64590 99535 47058 59604 42389 48502 34047
6441 1
0
8418 13
1664 28388 76548 25479 8393 68812 8082 17267 38645 13143 66233 66298 25789
2469 1
0
3628 9
44963 28325 22327 1000 10089 32745 25626 70186 33758
7584 15
92705 18981 8135 64265 62506 21488 39153 86386 1783 99672 71995 72986 23420 17949 51486
7260 10
37186 64404 79268 28277 28791 62922 44236 88076 72479 67454
5932 15
88256 39362 25922 49544 45998 44432 48274 10901 72404 25141 95098 48413 44894 41630 26335
973 1
0
2457 1
0
6342 1
0
3775 10
26001 51345 61795 70629 853 29432 44989 51774 69614 2655
2939 1
0
5064 1
0
9462 8
68769 79665 59697 89891 60482 15540 72503 45433
3944 1
0
2312 1
0
5331 18
70113 64448 92488 27177 69643 4075 13676 3955 96405 20629 92308 12569 46233 4122 71101 10877 95007 33983
81 1
0
87 15
71808 2467 25699 85988 44709 50480 41079 78681 57561 27257 50554 34907 5534 28830 98047
7709 1
0
1582 14
74083 259 17924 39748 54021 38920 61993 14923 84754 51829 54454 30935 12345 65021
8226 1
0
9053 1
0
2994 1
0
544 18
80035 92935 54599 39911 24778 70381 63084 93935 81871 12210 88151 83191 70486 52857 1499 79069 86525 5532
1642 1
0
2652 1
0
8707 17
97505 8992 8323 89254 10087 49834 20074 97643 67471 91412 16277 70105 49177 32570 85562 28732 76796
2364 14
20065 48163 70594 76841 79560 16137 8234 25067 39597 7956 60885 80280 7771 76253
7511 1
0
6575 17
52064 4708 56261 62727 65958 89958 16265 65896 34928 97009 67507 66548 27221 90459 52090 30716 67228
7193 1
0
1967 1
0
7630 1
0
9980 19
95073 65284 67749 75845 62181 678 64647 26187 13131 71117 7725 76719 27823 65687 18809 93626 54620 90109 29629
853 17
56000 22336 29122 89060 13958 91403 28523 59277 12851 32916 6295 11000 78235 26715 57405 83199 35198
1583 11
11536 83539 50676 3175 35160 55081 70635 41484 51661 83788 61582
9755 16
78306 41092 95206 22760 81960 18508 21292 1295 95345 84657 1971 62547 11163 35419 51101 79838
5586 14
76705 45600 71682 76418 85092 50438 74123 58604 98927 10871 57945 13498 70780 21117
2027 19
65283 16995 46951 2824 59244 34060 34445 75633 81458 10964 66356 30422 42711 78552 25881 4442 7930 82429 61374
5400 11
25252 92324 24341 43461 64213 26949 26374 94870 3783 17307 88666
2904 1
0
4645 1
0
5219 1
0
9610 1
0
3126 14
45856 80516 78439 29032 77864 1899 75788 65807 91310 4943 42096 45234 44698 66138
8016 11
54978 52708 6215 6537 36586 3835 29307 44300 19324 24510 60319
3979 14
93216 10049 45508 60135 26728 64361 23630 74542 96016 12753 530 9043 94197 20470
9543 8
61793 2995 79223 52330 82555 44427 33083 66348
1362 12
67810 230 23576 33033 18281 99195 9594 73931 16381 29277 50782 59183
4532 16
46561 30403 64100 2569 27178 97706 9004 92526 72658 92946 91673 41083 5467 93917 42493 71134
9697 14
87488 49633 92546 24677 28009 12457 75307 10223 2671 85714 92789 4436 29846 47004
9424 12
48752 42708 53574 11368 40904 23816 57674 1706 26155 12379 11180 53325
9202 11
83651 63650 49348 85495 58758 52936 78297 16826 40365 96604 17710
5420 15
8032 61732 91044 60166 9063 46153 29580 30188 61901 81301 58036 41558 70074 55451 49151
7938 16
10721 95008 31559 70697 60873 11659 58252 79245 22769 19572 91861 66329 48540 60125 18653 8861
7677 11
22675 33828 89668 10181 69492 71593 68984 34890 4266 14827 89548
2481 10
97443 64259 17475 18774 91495 59755 50236 92733 91468 32350
3636 9
80483 9364 81316 72420 63062 39915 94668 84031 95055
5948 11
62993 80915 21026 42117 94212 50950 73319 28857 4378 57115 33742
1258 13
33282 54565 53258 30603 22796 92143 63087 16912 77622 43769 75388 37182 31391
651 12
42721 90403 3188 66517 47205 85449 87609 63256 20267 73341 56654 46527
1785 16
75745 35779 4612 67301 13637 8805 20710 23466 71438 2644 83641 25081 28923 65211 89629 72860
1777 1
0
2426 1
0
7075 1
0
2813 17
9635 41988 62532 68518 10793 49290 70506 80108 25839 58000 13137 36337 50388 66646 68473 68282 59293
932 9
74371 46854 1991 66390 60252 50284 57116 2909 52318
6835 18
58688 34849 89216 58628 32325 20814 9998 54960 31153 80336 19634 96916 3733 43578 91645 24254 8575 16479
2533 10
30416 23670 39974 48486 82630 57288 39352 84136 98282 12477
3613 17
21856 37763 26915 14696 77609 63209 68941 27244 55759 4368 30742 19254 28634 43355 44158 31038 91166
3297 9
16592 25841 90370 1363 15174 44793 47166 846 6127
4876 19
76000 76611 33832 10473 42795 48332 63212 78031 7054 85518 54352 44592 95125 17813 68724 14582 24508 51421 92863
2453 11
57985 60801 59745 60994 90580 74740 28070 14007 48951 3961 85373
4411 11
43652 8582 2758 78071 41736 63625 24844 24141 26302 92559 72159
5703 14
67905 30657 56611 3364 70605 12365 51697 30932 41624 31355 33563 34491 72605 85854
7525 17
26753 69856 25477 52997 39591 47337 98220 29807 86673 42512 97906 54004 90166 97017 45561 45917 15870
7553 13
96609 60516 14407 15178 31818 20811 44494 72654 30293 11607 58744 14938 84732
3455 15
33632 51264 90561 30918 26094 68755 88309 26454 86518 25114 59195 82940 66719 57182 15838
219 14
64195 32900 59145 93066 75503 98384 71026 66546 62614 80502 29210 39162 5852 158
3925 13
81378 91079 64742 77031 40969 44938 91122 64886 15926 26617 55131 51965 58301
9819 15
7682 2436 5316 39433 61198 95822 47311 51889 89719 85430 62939 42238 67391 74238 93374
3981 1
0
6213 1
0
9097 1
0
308 16
30722 91015 86982 17160 9322 45579 4397 68780 48910 21203 11348 14036 92378 61628 6814 14079
71 10
74881 62816 75600 70663 48167 75318 65594 6349 39726 85486
5770 15
38112 6337 29347 35433 92555 82734 86163 31571 67762 89717 82711 27896 57019 42044 66524
24 17
480 67938 264 1864 79114 77741 46348 44558 29104 38835 68370 62132 46741 37301 88984 17724 47774
5964 14
45922 56356 86020 70791 8230 70568 11210 20461 85617 99638 19544 71549 35164 68606
2615 13
52096 46624 54528 22914 20752 84208 72624 2873 43099 73754 63835 67418 73981
3112 10
28722 88931 91109 14404 45668 34679 43657 31194 88333 85324
8092 15
36132 73349 54982 55335 61992 58090 46028 51726 25584 43953 55186 27702 58423 77723 11455
1413 11
81681 1026 33618 82723 23158 84823 71655 53368 91577 59339 25132
2274 17
51872 18594 706 83970 81383 20424 50802 95634 13812 69748 5336 21433 45754 95580 14237 31581 68863
9276 16
6272 35265 81698 69224 42442 35307 4684 37231 31186 95442 59640 31961 16185 9145 18749 9279
26 10
21296 18513 55793 36834 57812 38644 89591 79353 31193 28825
4804 11
88641 72033 52850 93141 17477 27445 9766 25975 51481 3482 63693
8928 15
81571 81733 92455 85195 83947 6218 73450 22380 38702 64654 1523 64084 56789 84406 33980
3957 14
51680 31778 69539 62852 58342 51174 66732 94704 57425 59251 80855 7543 35096 47833
7673 12
3346 33619 94213 6644 85973 52006 79896 82362 68285 94684 86700 99132
351 17
71296 94307 25187 95938 5061 29227 84397 40494 53201 46738 26163 1814 33654 67705 98744 50555 64222
1771 14
73579 80587 51819 51469 6126 11951 96817 95955 59283 66674 46295 47898 9148 98109
628 16
87939 16679 17547 33164 58733 89868 19376 46097 76976 57364 44501 78452 45334 42971 45245 71262
2868 1
0
3967 1
0
4709 1
0
9833 1
0
8789 14
77856 17282 65250 76610 91749 41094 83654 68457 6281 18094 16147 53495 97977 66495
8929 17
12864 88611 59330 83843 23364 83719 97094 92262 10441 36171 48174 37874 8213 79702 80953 82811 70591
1533 12
704 28961 48497 7331 39028 34357 75930 86906 21579 59692 58829 20335
2743 11
5936 57184 61905 89395 26435 23235 5732 31334 36887 27303 8141
6656 14
46400 95713 89539 26819 68962 57352 93514 91373 31792 10195 77941 85014 91324 44223
7585 14
47330 31492 20683 48431 52337 87122 1813 68980 22583 57304 15929 25213 89855 56351
8943 14
76579 48966 15655 55623 15976 97583 94929 82161 51473 26257 32371 41396 60021 56702
6750 17
35008 93536 26465 23236 89029 69927 19079 47113 58508 13807 8980 57941 93751 42200 13338 74685 86270
8303 10
74081 10372 65494 15817 86922 99530 38797 75871 34574 97887
2376 18
52992 1632 5633 37443 77479 75624 12138 91467 93898 24430 54962 42899 49492 88182 10170 15707 98333 23742
8993 20
44224 76163 17124 64519 56391 20746 92714 33743 847 87988 77108 79606 61528 98136 4825 39834 80539 187 3099 66780
171 15
96480 33601 83172 76712 93834 14190 1041 6770 46997 77844 98551 25686 8249 52473 28062
975 13
91392 12417 26275 3397 63909 80039 84971 95372 68463 27471 81459 31741 56894
4845 13
37568 45794 57511 24103 36424 75176 72143 21200 78259 23447 92790 45978 8410
3850 14
18083 43939 53800 50569 93228 10643 52595 85847 96631 58809 29979 77695 86590 87102
670 15
26758 55431 69896 30092 56364 78 4271 49807 44753 94579 69335 2649 30010 88282 3678
1658 17
46336 75040 53409 90179 76039 41702 60520 54505 82603 46412 44846 41362 45556 77913 27417 82205 28445
9054 15
95968 69410 78437 34054 84455 136 83144 24491 7915 11539 33939 82773 32564 5049 73214
6086 12
32128 23985 36609 54036 60980 62948 6661 49256 70427 28780 49150 18590
1201 1
0
7179 1
0
7786 1
0
7564 13
80929 82152 13484 1101 17103 31824 80755 37330 15735 55770 50779 41308 37631
2583 12
92849 39873 92613 92665 59434 27354 93515 80154 99290 68589 83228 87887
6022 11
80640 43107 62836 8886 65865 48154 63866 80826 42876 78748 97503
4811 13
93442 25127 97513 47531 83854 18354 11988 17046 86550 4535 39833 12987 71039
797 10
48403 60036 97509 62661 69510 39452 9020 3901 19789 82991
7451 16
39617 86405 32330 96522 9676 41453 18670 28209 84336 97878 42425 47323 68413 60028 56382 21471
2264 10
72784 14017 38533 49431 50153 41707 94828 30429 16590 37503
9925 19
59648 91552 67971 32290 11784 39401 52043 65805 79183 9491 98421 75380 68727 76086 18840 1368 11544 61658 67164
6368 18
52160 77728 78818 73317 70116 67879 99559 71238 33864 40840 73608 52652 86003 97682 85750 90879 39583 11775
8816 12
94433 36323 30436 9813 22631 24328 62184 43595 79485 63117 72015 11599
155 13
95233 86273 41601 77765 65765 9061 23530 35375 401 93499 40826 20637 78110
1108 15
15072 74025 96168 82698 45612 54067 42741 35989 76567 30552 74520 41915 67162 66781 94460
8429 19
63330 31461 22533 51622 23975 62183 49799 78313 89449 85646 33232 99216 46195 89881 32858 28795 57694 90302 78878
667 1
0
751 1
0
1617 1
0
